image_width: 752
image_height: 480
camera_name: left
camera_matrix:
  rows: 3
  cols: 3
  data: [457.5931246465048, 0, 357.1409050639002, 0, 458.201559175806, 250.3089283105436, 0, 0, 1]
distortion_model: plumb_bob
distortion_coefficients:
  rows: 1
  cols: 5
  data: [-0.3945278725108269, 0.1321566943385578, -0.000303545647176388, -0.0001784389573101105, 0]
rectification_matrix:
  rows: 3
  cols: 3
  data: [0.9999714344008426, -0.003879500322262747, -0.006486899072049843, 0.003873762373301771, 0.9999920947590033, -0.0008968748942388232, 0.006490327217990572, 0.0008717205689253456, 0.9999785576480393]
projection_matrix:
  rows: 3
  cols: 4
  data: [433.7927438191107, 0, 368.040714263916, 0, 0, 433.7927438191107, 253.6536712646484, 0, 0, 0, 1, 0]
