image_width: 752
image_height: 480
camera_name: right
camera_matrix:
  rows: 3
  cols: 3
  data: [457.2288916245457, 0, 355.3472653196162, 0, 457.8783685808153, 265.4854452281105, 0, 0, 1]
distortion_model: plumb_bob
distortion_coefficients:
  rows: 1
  cols: 5
  data: [-0.402824131817228, 0.1439523452964854, -0.0003426991633447058, -0.0006787696308908139, 0]
rectification_matrix:
  rows: 3
  cols: 3
  data: [0.9998814201366194, -0.009149525064265147, -0.01238676134732127, 0.009160475474538321, 0.9999576994951285, 0.0008275925873600314, 0.01237866530194149, -0.0009409630750752246, 0.9999229386476909]
projection_matrix:
  rows: 3
  cols: 4
  data: [433.7927438191107, 0, 368.040714263916, -43.51190299528039, 0, 433.7927438191107, 253.6536712646484, 0, 0, 0, 1, 0]
